0,1,2,3,4,5,6
53.2281299829483,94.88414525985718,215.91240978240967,0.4526074528694153,137.54451858997345,0.4887620687484744,0.4119565486907959
46.484687089920044,91.24778509140015,357.67492496967316,0.6110678911209106,100.44245386123657,2.7552762985229493,0.4405972361564636
40.47049278020859,107.21558332443237,339.5325753092766,0.5110809206962585,135.8072098493576,2.287424659729004,0.6817865371704102
41.88589024543762,77.09815502166748,268.1788653731346,0.5447893738746643,130.71491181850433,1.1256240367889405,0.5812565684318542
40.88876461982727,97.81394004821777,254.73253744840622,0.689831018447876,119.74617302417755,1.5604290246963504,0.5665176510810852
57.47632884979248,105.74125051498413,305.13534915447235,0.4740294814109802,118.62733966112137,1.804763174057007,0.6219739317893982
46.38870066404343,134.33479070663452,189.83153092861176,0.4307149648666382,148.18834674358368,2.31489224433899,0.6285341382026672
42.16584700345993,51.33206248283386,327.146919965744,0.4536401033401489,128.13699370622635,1.9385569095611577,0.5952956080436707
45.20781499147415,98.67848753929138,262.39221373200417,0.5812389254570007,127.66922158002853,0.4981748580932619,0.6385941505432129
39.499642580747604,96.5857982635498,299.5189528763294,0.4400058090686798,158.43554997444153,0.9053063869476321,0.5129076838493347
